timing: 11.234427690505981
result: 4279.230518027593
