timing: 0.10348153114318848
result: 4279.230518027593
