timing: 0.0061643123626708984
result: 91.06460878222272
