Timing: 0.00032409 ms
Answer = 7.21664233213809
