Timing: 2.426531176 ms
Answer = 131092.14445552
