timing: 123.38425278663635
result: 45864.88594025832
