timing: 1.2877418994903564
result: 103099.42788868795
