timing: 0.7343389987945557
result: 317.5752638877297
