Timing: 0.861817403 ms
Answer = 74264.79335755038
