timing: 0.035279273986816406
result: 7.21664233213809
