timing: 0.12469100952148438
result: 91.06460878222272
