Timing: 0.01627603 ms
Answer = 1086.106158399254
