Timing: 0.005422579 ms
Answer = 317.5752638877297
