Timing: 0.004084106 ms
Answer = 453.5392602795736
