Timing: 0.009353385000000001 ms
Answer = 720.4407575848863
