Timing: 0.056507717 ms
Answer = 4279.230518027593
