timing: 1.497828483581543
result: 131092.14445552003
