Timing: 0.115834066 ms
Answer = 14582.52883029533
