Timing: 0.835445737 ms
Answer = 92544.25838885889
