timing: 1.6836791038513184
result: 720.4407575848865
