timing: 0.19991159439086914
result: 10797.455691804756
