timing: 0.6768162250518799
result: 45864.88594025832
