Timing: 1.379635132 ms
Answer = 103099.4278886879
