Timing: 1.345968589 ms
Answer = 172378.2278535893
