timing: 0.501197338104248
result: 31279.454408338323
