Timing: 0.652902063 ms
Answer = 68584.40249265841
