Timing: 0.000808661 ms
Answer = 91.06460878222272
