timing: 266.6287314891815
result: 103099.42788868795
