timing: 316.95312905311584
result: 131092.14445552003
