timing: 2.9486193656921387
result: 1086.1061583992544
