timing: 1.1814303398132324
result: 74264.79335755038
