timing: 178.1978976726532
result: 68584.40249265841
