timing: 0.3472452163696289
result: 20893.6263162459
