Timing: 0.892230585 ms
Answer = 101607.020282002
