timing: 0.02190399169921875
result: 720.4407575848865
