Timing: 0.314084275 ms
Answer = 31279.45440833832
