Timing: 0.225788982 ms
Answer = 20893.6263162459
