Timing: 0.054986389 ms
Answer = 5898.474755381163
