Timing: 0.234827543 ms
Answer = 27400.97018408722
