Timing: 0.293489742 ms
Answer = 41847.05133326093
