Timing: 0.009699019 ms
Answer = 962.6553695015535
