timing: 0.040326833724975586
result: 1086.1061583992544
