Timing: 0.000868368 ms
Answer = 102.4593786304285
