Timing: 0.463426423 ms
Answer = 45864.88594025832
