timing: 79.01155233383179
result: 31279.454408338323
