timing: 199.27295804023743
result: 74264.79335755038
