timing: 55.322617292404175
result: 20893.6263162459
