Timing: 0.00033562 ms
Answer = 11.43199802770534
