timing: 0.003579378128051758
result: 7.21664233213809
