Timing: 0.01758058 ms
Answer = 1466.997564368159
