timing: 31.187106132507324
result: 10797.455691804756
