timing: 1.180924892425537
result: 68584.40249265841
