Timing: 0.482960744 ms
Answer = 60483.26836940015
