Timing: 0.099778229 ms
Answer = 10797.45569180476
