Timing: 0.965392496 ms
Answer = 137859.591737619
