timing: 0.017067909240722656
result: 317.5752638877297
